-5918 -712 31804 86609 17850 13329 105620 90963 26312 41808 43146 110594 91302 88858 79004 104700 112537 78373 16553 -12190 15015 84636 53481 91723 92159 76455 110109 87116 88863 20063 2957 7170 42760 79788 97211 119360 94282 29677 8430 105274 116218 65929 77875 27659 81212 123052 114241 90845 22915 25414 25940 41731 -9914 56285 115143 70210 65530 77875 111497 52854 49998 23373 51634 80041 77135 66855 12888 80129 13996 111134 71380 40189 22761 31314 47545 117126 94658 39722 -13115 7414 95438 100745 84640 43001 
-8678 -2128 9892 75365 18534 -12195 77492 77283 12548 29136 18630 82466 74346 75514 44576 77160 79285 72337 18161 -17386 10155 78516 19641 74851 73103 65547 82569 74360 80223 11087 3305 -4746 17320 72912 77399 87452 77410 29689 -9534 79582 88258 45277 73351 791 76016 88540 82753 77081 15115 22906 6884 41239 -12170 25385 83571 61906 35050 73351 85385 43962 44634 8685 31486 68965 57323 54183 8028 78209 -12704 82250 62068 37933 4797 28470 18325 82026 80894 39314 -12095 -6182 67814 71105 76336 36545 
82951 80597 38521 50402 79839 35082 10193 50556 65957 63309 26343 26591 31575 46351 24821 7341 -1538 53926 80810 82055 73728 54057 40206 37876 38648 53184 19134 45785 52488 72728 82670 74199 37633 53913 28832 21329 44383 75118 46983 32191 33055 33754 59308 37988 54665 24937 14698 49598 68860 73627 61553 71548 80299 15122 29040 54583 40075 59308 34634 55707 64947 65790 48439 45850 45128 57696 73365 61394 28189 30995 51889 69838 64842 70119 28978 6831 43415 72143 87430 65371 34787 12542 48685 68282 
58404 49666 68574 6619 31520 90503 25042 11645 61150 46490 63032 28084 10136 8784 67558 23534 31791 -2289 30139 69016 45653 -5770 89663 11397 18889 13349 23567 7042 -1291 54817 43423 72500 70458 -622 13189 30718 14880 23103 75272 26376 27996 39027 -2451 85513 -6086 38442 31311 11359 46833 32364 74554 14997 57180 69619 37001 9960 71136 -2451 26299 22592 20240 65183 52704 6099 34693 27857 46718 -10361 90834 32572 10794 20175 75071 27764 75243 37472 4420 16348 54231 71568 40312 33943 -2826 30379 
-4342 -2832 34724 76089 11530 21793 97788 83971 31752 43384 43378 108978 78178 78674 88728 95104 106469 62813 9561 -7422 12895 69076 71437 81035 85167 67615 104629 75756 75823 23151 -507 15970 48956 65404 86271 119844 87794 20837 11602 103322 117794 61457 63659 37635 64812 128660 112121 83349 21635 19430 36252 30875 -10690 59625 119407 58682 77438 63659 111561 43510 41662 30157 54050 66497 76023 63895 10600 63393 21200 112878 59516 30845 33745 23314 55001 116602 82962 29202 -13891 12854 98358 96525 68744 38697 
-9091 -6405 10823 66636 11233 -6644 70863 72754 17511 31075 17209 83565 61837 67037 55755 68179 74252 57896 10104 -14943 6802 64663 38464 65618 67734 58162 79216 64707 69142 13614 -1896 3073 22787 59899 67662 91407 73301 20288 -9275 80513 93725 40580 60590 9198 60987 98207 82928 71880 12770 16109 16719 30326 -15607 27408 91474 51245 48245 60590 88920 34477 36661 15076 34097 56372 57666 52678 4255 63096 -8749 87213 50735 28364 15556 19489 25052 83629 71073 28653 -15280 -2899 73281 68088 61643 32520 
48856 39782 64066 9419 23904 83895 29774 16545 58238 45174 58944 37016 11676 11836 73802 27426 37867 -2681 22103 59216 38373 -4902 94647 14113 23117 14805 30567 9170 1257 50309 33959 67404 69058 -342 16409 41666 20116 16663 66564 34384 39616 38467 -2003 82433 -6142 52246 40075 16007 41149 25924 72902 10069 45784 68639 49041 9316 76456 -2003 36575 19176 17328 62019 52480 6043 38333 29733 38934 -10165 83470 43100 10150 15331 73167 21660 74683 46908 7892 11168 42751 64792 48236 39095 -2462 27719 
9077 13443 3287 75480 33685 -20312 55431 78658 22827 37819 5053 71997 62701 73445 34443 52579 50756 72956 33648 285 22702 79639 19252 67994 67422 67342 66724 71871 81094 24558 20052 10405 11975 73951 65166 75135 75509 42068 -11939 72389 82829 35984 77330 -4302 77055 79583 65144 77700 25226 34865 15735 51602 3233 6264 76294 63533 33737 77330 80208 46009 52225 19300 32189 65552 56262 59590 20155 82944 -25189 75225 61847 47540 15832 37909 8360 60133 77061 50013 7340 2585 62721 51060 74099 46656 
71596 63026 52870 14267 49164 67323 3374 19461 65354 52458 40188 17756 3840 13156 46982 774 2731 7711 48539 79268 55905 5574 74211 8461 16289 20577 8535 10238 9297 64145 59639 78804 54250 9294 4877 16778 17572 39655 61080 18988 23380 27187 12253 66197 5342 27190 13171 18503 54565 45976 73550 31549 67600 40559 28017 17692 59212 12253 22523 26712 31920 67791 46996 8371 33017 35673 56298 7283 62950 25184 16846 34543 75747 40452 53155 13872 7700 32900 70447 71320 32168 12275 3898 42731 
84653 81459 68615 12792 64321 86596 11811 7906 61191 47875 62905 -435 17485 12521 28371 14419 10160 19676 65208 90729 69298 13423 45184 13706 12630 20866 3532 14307 9922 64182 76980 75061 57815 18067 12558 -7125 7529 55484 86821 1889 -9427 39152 17498 71526 16635 -12589 1196 8628 64094 59957 63003 45866 90149 55044 -6722 26633 34637 17498 -5328 42457 40609 63628 45353 21512 23058 27142 71623 14628 88943 -3339 27131 48020 64108 56533 56720 1645 8493 47469 89804 80009 9609 15000 16199 45288 
4914 544 36924 24949 -1558 42137 50680 33083 30088 28448 39026 59770 28802 28038 71104 48080 60537 10833 -3695 9562 8207 12644 73637 31323 38647 23615 54161 25036 19811 20479 -1919 26822 47208 13508 35887 68368 37662 -735 26066 54954 65226 35853 11175 49243 9724 78864 63837 32545 14679 4158 41392 735 162 53677 71963 15774 66030 11175 60169 13874 11018 31517 39450 18549 42439 30143 7424 6037 41964 65014 16944 3981 39977 3926 54093 70586 28126 490 -3879 24546 60406 55381 14412 15361 
16603 24497 20305 115598 52803 -11190 100085 117852 36401 58365 27951 112871 105591 113899 60365 97821 96250 114250 52850 3947 38376 122865 32238 109708 106532 103848 110538 113081 123564 38216 33206 16923 30253 114993 108560 117605 115291 66058 -969 112423 123367 67030 117532 7508 119777 119113 107782 117062 42160 55747 25949 80128 11095 30590 114564 100039 53779 117532 120326 76467 81423 31614 54751 106090 87728 89712 35241 125498 -14639 113915 98437 74554 25206 61227 27478 102687 120119 77783 14446 10531 96707 91934 117241 71234 
73130 65064 62804 5637 47170 83137 7176 8227 63360 48280 53818 10050 3442 5702 46752 6256 8801 1937 46713 82146 56599 -2132 71797 4787 10431 13543 5953 4548 -173 61815 60081 78070 60656 2764 3471 8568 8270 37073 74962 10946 9794 31325 3287 75795 -1356 13856 9917 7857 54503 44486 72144 27455 72578 53685 15691 12926 55118 3287 10113 26482 27658 66805 46850 5621 26991 27463 57832 -2523 82292 13950 12752 31205 73921 39046 61661 12634 414 29058 72905 75458 24126 15237 -1204 37545 
31824 29638 33258 -3833 18800 45023 4426 -5527 24238 16046 30992 -2864 2204 -2928 16114 6194 6639 -2661 18847 36472 24197 -6310 25199 -735 37 293 -829 -2654 -6787 23365 26083 30800 28254 -3262 553 -5186 -4224 14163 40964 -3312 -8328 15807 -4503 36841 -4862 -6702 111 -4973 23025 17964 27898 9081 34716 30355 -4867 2280 17592 -4503 -6833 11300 8444 25667 18312 687 6013 4637 25598 -7457 47034 -4172 3450 11235 27575 16640 29679 2492 -5024 9928 32859 35076 2140 6943 -3450 11695 
4843 14585 8965 54278 29115 -8418 51197 47208 2801 15609 17787 38027 60483 53755 4001 55065 48538 64186 30422 -4285 18132 65829 -21102 55024 46556 47988 46866 56045 60900 7220 18842 -9285 3877 61821 56732 35117 46411 37666 2979 37747 32395 34270 61336 -8536 66941 24109 39910 48266 17800 29791 -8995 45184 9079 13454 25524 52747 -4097 61336 34814 43287 40935 -1062 15019 59302 29516 32172 17937 67958 -5399 30503 53581 41122 -11082 35691 1942 36747 58547 43931 8818 -2153 24047 41618 66169 29990 
5221 1019 39919 29372 -411 44712 57203 37674 32075 31107 43029 65957 33981 32713 76451 54435 67480 14920 -2632 9701 9606 16983 77556 36586 43742 27702 60600 29879 24234 22046 -1360 27969 50875 17679 41486 75227 42673 1000 28221 60973 71413 40276 14926 52322 13895 85555 70444 37136 16414 5809 43547 2974 469 58268 78234 19609 70369 14926 66104 17205 13845 33588 43117 23140 46862 33726 8739 9788 44791 71033 20779 6220 42048 5745 58180 77445 33137 2645 -3992 25861 65921 61652 18919 17768 
80146 91568 60580 187793 126846 17157 146072 187107 90956 117792 64278 164738 169386 183574 92744 143976 134089 192325 127985 62534 103515 201948 61929 174763 168647 174027 161061 182840 200043 98231 103469 69546 68092 191976 169079 164936 180598 141781 39810 166894 176914 118057 197707 38879 199616 164680 152845 186317 105031 126850 72608 157867 74722 59021 162735 172822 91954 197707 175721 144462 153702 83733 105526 177025 144971 154935 100044 209957 10348 165362 170464 149437 72285 133674 59017 141450 190466 155186 82021 61726 146222 134897 193468 140321 
119679 113965 69453 50926 104471 77102 13573 50576 94117 84665 55763 25771 33191 47043 42565 10133 1422 55794 105526 122647 102812 53573 67358 39912 40768 58412 19322 47989 50828 101476 113854 110171 66465 55781 29944 19753 44907 95130 87071 33219 29715 49398 60084 74128 55021 21681 14718 49534 95424 96663 92485 86520 118623 41602 27716 61239 60171 60084 32218 70595 79079 96554 69795 50154 54388 67796 103205 59986 71301 29839 57789 86238 97370 89963 58230 7607 42007 87955 125334 101091 40519 18526 49041 85606 
74632 63542 88162 17639 43044 113787 40262 25017 81074 64398 82116 46496 20400 20308 93278 37326 48439 5371 41159 87260 60369 2058 119415 23425 32933 25377 39963 18230 8049 72893 56459 94104 92818 7878 25301 51230 29092 33451 94776 44620 48256 54751 5545 109973 1070 61726 49891 24395 62221 44560 97838 24337 72064 90971 59109 20140 97192 5545 45383 34116 31764 86283 72292 15775 52097 43245 61266 -4045 113698 52832 20638 30523 98859 38616 98863 57312 15272 25856 68611 91156 61244 51263 5002 44087 
52459 59345 28945 128858 86559 -3978 89909 130020 59741 79941 30123 109919 109107 124891 56825 86049 78262 131374 87362 39215 68604 139569 37182 116668 112652 119292 104478 124661 138252 66176 69146 45639 37381 131781 109892 111041 124099 96958 14643 113419 122599 72226 136840 15056 137237 112633 97942 128810 68776 85639 46013 108508 46615 24362 111192 117415 59059 136840 121070 95775 105267 55206 68011 118846 97292 106920 65469 146234 -10955 112391 114133 101842 47370 88935 29146 87723 129515 106583 53746 35215 98627 82598 131257 96338 
71238 63844 73008 5761 43934 96029 19564 7175 63820 48068 67214 16054 10874 7338 55864 19568 23793 2397 43309 81262 56219 -2680 77885 10119 14755 13835 14813 7024 -1057 60427 57517 77354 69936 2888 11071 15328 9570 34509 85250 15774 11934 40185 1059 86167 -1568 18180 19281 7309 54963 42930 74116 24891 72870 68677 19511 13890 60534 1059 12421 29462 26606 67769 52014 9441 29971 26411 57956 -5759 97452 17770 14724 29481 74885 38330 73041 23930 2722 26494 70341 79110 28618 27037 768 35485 
-4837 4569 11381 62070 21283 -7514 67053 57520 3369 18025 22219 57075 69535 62555 21117 69997 67334 67610 21918 -13797 12148 70597 -6842 65000 58212 54100 64402 64005 67852 4764 8826 -12077 10409 66085 68304 57441 58235 31682 -233 55115 53627 41390 64760 -3768 70533 49373 60134 58410 14336 24311 -5907 41216 -2281 22842 48100 56171 10163 64760 54198 43855 40495 -494 21299 64742 39996 38452 11449 70542 -4579 50895 57341 37658 -8666 30883 10574 58735 68187 39627 -3886 -5617 41247 57894 71273 29550 
3120 5974 -4182 55243 22772 -22909 37546 58337 13762 26150 -2332 51928 43136 53376 22438 34190 32787 53223 22735 -4076 13889 59066 10607 48849 48109 49121 47327 52726 59933 15661 11743 4532 4086 54302 45685 55234 55608 29391 -15544 53244 61752 22467 56925 -9251 56734 58674 45663 57295 15321 23448 7930 36909 -2052 -2297 56057 45816 22152 56925 59383 31736 37448 11579 20940 47163 39889 43301 11594 61615 -27114 54904 43626 33435 8867 24980 891 41072 56236 35656 1719 -3624 45340 34183 53862 33055 
64507 55937 53845 4574 40647 72498 5105 8592 57677 44529 46119 10835 -225 4471 45269 2589 6058 -302 40022 72767 49656 -3027 68802 3304 8948 11976 5730 3737 -816 56132 51962 71547 54721 1113 1232 11285 8551 31474 64575 12487 13099 26230 1552 68012 -3007 17329 9778 7802 47644 38299 66377 22864 62611 46238 18324 10183 53047 1552 12494 21807 23991 61626 42847 3214 25256 25812 50301 -3838 71065 15659 9001 26194 68994 32187 55726 11991 -397 24299 63442 66079 24743 13082 -3275 33542 
55344 47950 53418 199 31820 72323 7870 3209 50698 37382 46868 9904 524 1020 43834 6866 11091 -4677 31111 63940 41921 -8158 64931 1617 7093 6929 6395 -50 -5695 47725 43051 62720 52782 -3682 1561 10018 4428 23403 62636 9876 9480 25887 -4167 66325 -7802 15222 11115 2923 41085 30648 60070 15297 54792 48919 15797 5556 49428 -4167 9127 17516 17180 54059 38892 351 21553 19421 42986 -10061 72150 13384 5718 19131 61259 26048 55047 14756 -3344 16648 53859 61116 21796 15259 -6558 25975 
18661 21683 -317 20048 26721 -7536 1931 16422 7631 11367 -1155 521 15081 17929 -12505 2607 -4424 27100 27860 14489 19350 27483 -16524 14998 10982 19302 2388 19295 23898 13226 24344 7221 -3977 25911 11834 -3397 13273 27796 2769 3349 -71 6424 27862 -8158 28511 -8105 -3140 16472 16246 23785 203 28762 19957 -8932 -5010 22717 -9767 27862 2096 20397 23337 6288 4141 21460 7046 14490 19239 31712 -8465 -1543 21619 26212 1140 24309 -8432 -7815 18521 28601 23056 6541 -1363 -1348 25303 20036 
55301 49251 55055 -348 32617 73876 9255 730 48303 34987 49345 6837 3253 725 39507 9595 12644 -3040 32160 63561 42298 -7361 58504 2330 6462 6298 5512 75 -5906 45750 44016 59737 51899 -2717 3030 5607 2285 24536 65197 6473 3557 27356 -3706 65526 -6333 8375 9224 864 41210 31445 56583 16430 56513 50472 9706 6437 44093 -3706 4128 19237 17389 51244 37337 2156 19242 16942 43783 -9264 74795 8469 7271 20180 57100 27769 54164 12949 -3303 17781 54824 61157 17385 15552 -4669 25008 
-13409 -12739 17593 32666 -6441 12810 53777 37188 9917 15501 24063 57239 38115 35167 49505 52689 61114 24094 -7822 -13969 -3144 27081 39018 38620 41240 28056 55830 33593 31392 3248 -12514 519 25693 25593 43268 64325 40927 -1082 3963 52927 60511 30802 23260 20588 24665 69025 61306 37070 2740 -725 14417 4420 -16229 35438 63048 22735 40903 23260 56714 15459 12099 9414 25159 28618 36128 26184 -4179 21986 13729 58787 23905 5230 12330 1815 30898 65619 37775 3503 -19850 931 50819 53354 28429 10562 
52887 70189 55665 141466 97067 23078 130909 129188 48577 71885 70115 110263 149855 140019 47509 137381 124890 159102 99466 36115 76340 162425 3674 141036 126184 130052 124814 143821 153716 57112 78310 27167 47049 154973 143080 104749 126963 112254 44807 110235 101607 101970 154908 24136 164293 86013 112062 130918 75504 97743 26869 125820 59727 61582 88688 138339 34623 154908 105874 120563 117707 41438 69027 149178 95956 102056 75809 167158 27441 97615 139509 118230 23438 108095 42594 105455 148423 123559 60222 38499 85699 113938 162177 98362 
29647 28973 4789 29102 33591 -2682 2669 30768 25253 27393 -1677 17051 14979 26395 7553 153 -4358 29266 33974 27239 27900 31245 12858 20104 21128 28524 10938 25325 31356 28916 31718 26691 7261 29757 14588 15485 26611 32986 4851 19963 24187 10102 33724 3584 30677 19681 8854 29894 26224 30655 21773 33448 26071 -6514 20676 27655 15751 33724 24002 23571 30543 24330 17899 23122 22484 29844 26949 35978 -7895 20951 25717 31654 23634 29331 1966 3675 25559 33371 31102 19123 19535 3338 26713 31526 
61023 53797 54393 1090 37499 73382 5485 3260 52849 39365 47507 6511 575 1491 40357 4565 7362 -2106 37042 69283 46676 -5839 61874 1668 6304 8324 3590 925 -4300 51136 49150 65879 52665 -1363 856 5701 3891 28662 65543 7323 5583 26106 -1596 66376 -5147 9645 7134 2974 44832 35487 61045 20052 60975 47542 11144 7875 46791 -1596 5818 20507 20675 56294 39363 2082 20932 20480 47825 -6986 73209 9487 7701 23550 62654 30551 54090 9935 -3041 21487 60630 64107 18907 12538 -4575 29218 
11403 5689 30981 7582 -445 40310 26005 14624 27337 22169 30059 34339 8831 9747 52813 23405 33342 -4014 -2162 17227 9236 -3547 61814 11688 18676 8852 28730 7333 2276 19996 2722 29195 38577 -1675 14320 40585 17859 -2646 26423 31371 38955 21846 -3168 44056 -5627 49989 36894 14002 13272 2919 38053 -4200 7407 40594 45356 2691 51603 -3168 35158 4823 3479 29522 29475 2526 26332 17732 8873 -8474 39717 39583 3189 -870 37814 923 43782 42383 8323 -3941 4794 25911 39007 31798 -2367 9502 
49685 53883 18695 96768 74209 -6500 56307 97762 49911 64483 16849 75645 76261 92633 36075 52027 43736 99956 75096 39465 59194 106303 25504 84410 81150 90730 69700 92907 104482 56934 62004 42109 25367 100363 76374 75507 91673 80660 11197 80489 87149 49880 105338 8670 104643 77099 63164 96468 57518 71693 38283 88178 44597 8652 77254 89777 41837 105338 86376 74185 83929 46972 51377 88520 71754 82726 56647 113052 -13561 78621 86075 82604 40732 72637 16712 53029 95325 86925 51980 31097 69897 51432 98327 78024 
99331 95297 64477 24614 80931 77670 3893 21240 72425 60033 53307 2651 18471 22243 25829 4821 -2546 31162 82070 103979 81876 26253 47766 18304 18572 32436 1746 22853 23172 78020 92666 87891 55273 29973 13208 -5383 17587 71170 82767 6907 -797 37534 32680 66968 29045 -7067 -1682 21290 75496 74215 72053 61552 101887 42338 -444 37363 38563 32680 3134 50415 54111 74106 50035 28294 30764 40476 83529 31238 76069 3023 36517 62530 74502 69699 50398 -4761 17291 63155 105490 86959 15047 8006 25585 60134 
112961 112119 79367 35976 98005 92980 20043 27394 77571 66523 73153 4437 37057 33857 24759 23407 12764 49916 99984 115845 97018 43495 38884 32858 27834 44218 10924 37323 36298 85854 109656 92365 64451 47131 28938 -6033 24329 89420 102193 9617 -6067 53264 47990 75726 47883 -16705 3380 28200 88454 90701 72915 79802 120221 57648 -7562 53597 33377 47990 300 68917 69337 79252 57617 47132 35658 46630 99427 48312 95075 -819 53003 79856 75112 87277 59576 -119 30081 81405 122480 97061 13641 20460 44591 71328 
96356 87954 59066 31635 76948 70999 6630 35065 80538 69910 47224 21432 15160 29012 46374 1510 -1321 30623 77079 101676 80077 29242 72763 23561 27273 39373 13135 29370 29185 84117 86835 96508 60950 31954 15357 19782 31412 67439 73576 27536 27896 36827 34913 70377 29346 25490 12563 33603 74789 71324 84030 58829 93200 38859 28753 38840 61292 34913 28131 48364 55840 84403 59576 28679 43749 52285 80050 32463 65618 27684 35222 59975 89083 63532 56075 8560 23808 60264 98315 85244 37524 13851 25130 64551 
75424 70550 71146 7091 51396 92067 16106 4809 60194 45366 65772 6464 14052 8080 41066 18042 18151 9103 51527 83684 60489 3018 59811 10777 12389 15081 8583 8774 2037 59573 64727 73476 63370 8334 11393 2462 6280 42391 86244 6940 -1352 39499 6757 78677 5390 610 9775 5447 57553 49048 66458 32773 79660 63035 4209 18328 45820 6757 1151 34488 31128 63219 47212 14131 24665 24045 62730 1703 94498 5240 19498 36355 66891 45540 64795 12828 3884 34376 77551 78424 17180 21227 6886 37655 
6481 12527 -737 67676 31845 -23916 47879 67914 14435 29091 1785 57725 58257 65557 19247 46959 42784 69016 32312 -2899 19602 74439 1956 60778 58106 59874 55728 64739 74046 17678 18884 2265 3751 69003 58538 58427 64597 40144 -13359 58201 64693 30532 72130 -11938 72947 59011 52216 67460 21034 32269 5159 49174 3073 644 57402 58585 17785 72130 63668 42657 47613 10404 23041 61024 45266 49854 17643 78500 -27281 58349 57487 44776 4752 36153 -284 46953 69341 47669 6844 -2111 47273 41996 69907 40616 
95026 92000 57652 26525 80490 68241 3536 22227 66776 56904 48666 866 19794 23902 19088 3792 -4919 35257 81881 97994 79671 31020 37077 20467 18551 33927 1305 25940 26427 73799 90545 81150 48952 33900 14447 -6832 18406 72073 76530 6466 -2750 35413 36103 58211 33812 -11120 -4139 22193 72367 73606 64136 63463 98170 35261 -4077 39694 30814 36103 1433 51570 55266 68709 46402 31717 28559 39447 81072 36005 66892 62 38008 63517 67257 69006 43237 -8646 19790 64898 102025 79714 11918 6053 29764 59273 
66651 61777 45405 5962 48923 59438 -2999 5024 49153 38273 38099 -4157 2171 4767 20449 -3247 -5994 8646 49390 71803 52556 4997 38858 2928 4204 12860 -5146 5461 3512 51892 59062 62183 40401 8381 -236 -8159 3303 40758 59579 -1077 -6093 21570 9492 51256 6613 -8415 -6054 4822 48108 44559 51553 32652 67947 31834 -4312 15351 28815 9492 -4010 26723 28907 51674 32811 8634 15892 21236 53705 7042 58845 -3113 14337 34218 53918 39959 38466 -6781 655 34003 69870 60243 6895 1450 4749 34846 
73867 63449 88405 16706 42447 113778 39749 23328 79637 62625 81855 44723 20895 19459 90749 37821 48430 4942 40646 86495 59520 1125 116634 22576 32084 24192 38694 16961 7116 71372 56030 92247 91549 7113 25040 48449 27403 32854 94767 42175 45307 54490 4948 108956 473 58693 48622 22958 61624 43963 96149 23740 71887 90962 56328 19459 94663 4948 42854 33603 30747 84258 70687 15178 50576 41556 60669 -4642 113941 50555 20629 30010 96498 38775 97594 56295 14423 25259 68182 90979 58799 50498 4657 42902 
-4578 1468 23064 92653 24146 305 101836 96503 24208 42644 34658 108406 92558 93642 69676 100076 105309 86769 23269 -13286 17447 94208 41717 94575 93331 81911 107921 92740 97007 20731 7153 4646 34440 88100 97963 116668 98058 36897 278 105018 115878 62565 87279 16315 90700 118932 109617 96049 23835 30366 20308 49959 -9162 44353 111947 76338 57294 87279 111493 56546 56210 21017 48354 85413 76711 70379 14816 91633 48 108862 76164 46905 18305 35846 37125 109982 99862 47782 -10263 2034 92578 95533 92112 47701 
-2240 -5938 7594 12755 -4008 7935 18494 19713 13190 13902 7344 30776 7536 13324 34382 15054 22135 3007 -5305 -616 -459 5826 37419 12241 17549 11589 24495 11162 10641 8789 -5713 11772 16702 5346 12773 36854 20596 -3521 96 29320 38920 10219 5701 16049 3242 45670 30139 18671 2821 -1652 18950 -2051 -7832 15275 41289 5428 33676 5701 35039 1512 3696 14115 16168 5011 21005 16773 -1746 3587 5746 36356 4582 -989 19551 -3060 19387 32520 13076 -2296 -7673 4792 32420 21851 4066 7031 
36503 30621 39617 -3858 17935 55162 6669 -1268 34965 24757 36007 7023 -1853 -2701 34569 5665 10142 -8230 17226 43503 26944 -10871 49786 -1012 3120 1360 4858 -3183 -8828 31824 26562 43795 39905 -7319 -396 8145 539 11786 46315 6743 6263 18470 -8560 50508 -10767 11837 8990 -1470 26696 17771 43077 5696 36287 38562 11740 -13 37391 -8560 5658 9511 8167 37990 27863 -3034 14136 10912 27757 -13530 55661 9411 149 8942 43930 14179 42590 12547 -5805 6711 34682 43031 15891 12378 -9103 14778 
-4623 -6977 29067 36580 -3031 27812 60379 44630 24079 27311 33689 70225 39425 39417 70303 57527 69480 22968 -5084 -2831 3626 26459 65696 42366 48346 32810 65120 36667 33290 15058 -7592 16529 40947 25643 46930 79747 48873 816 14177 65409 77025 38076 23478 38110 23035 89403 73788 44008 10686 3357 32779 5310 -9963 48508 81746 24633 63045 23478 71548 18029 15677 24584 37977 29172 47602 35642 2255 20188 27471 74965 25467 7296 31196 4385 47412 79529 41017 4561 -13584 13581 66997 62896 27303 17332 
955 11537 17509 85586 33627 -6762 88049 81624 12689 31545 30363 80171 90867 85735 35225 90153 87406 90958 34262 -10357 21972 95709 1890 87592 79964 75684 87246 87437 92880 14588 17558 -6033 18889 89685 90476 81881 81919 46462 2451 78547 78907 56170 88612 512 94973 73729 82306 82262 24580 37159 1481 58516 2419 31154 71616 76999 22759 88612 78806 60483 58131 8322 34147 86746 58556 57516 20601 95906 -4331 74159 77497 53866 -1026 44319 18634 79899 92543 56507 1486 -1421 61655 77378 95125 45254 
-12240 -13754 5994 21487 -7960 2471 32770 27521 7222 11630 9776 41608 19880 22728 37486 29750 37251 12579 -9257 -12464 -5419 16154 32627 23577 27037 18389 37595 21322 20381 2317 -12773 1520 15690 14666 25453 48778 29496 -4533 -4696 39480 48408 16263 13761 11593 13402 55242 42567 26731 -1215 -4092 11554 -543 -16908 18631 50021 12480 32748 13761 44359 5876 6044 7643 16752 15255 25789 19541 -6874 12655 1542 45340 11970 -69 11399 -3904 19215 45200 24160 -1208 -18093 -3276 39052 33859 15150 6439 
1913 -2625 26531 16824 -4391 31324 36591 24622 23391 21751 27625 46521 17905 19157 57351 33655 44516 4052 -6276 6057 3946 5947 61144 21182 28002 15994 40660 16491 12358 15378 -4500 21469 36311 6643 24402 54279 28109 -4156 17521 42881 52649 25040 5066 38262 3195 64271 49160 23916 9242 149 33351 -3190 -3007 40008 58294 8741 53957 5066 48012 7009 5665 24904 30065 10256 32466 22690 3079 600 30563 51933 9239 -448 32692 -755 41936 54649 18909 -3351 -5788 17681 48165 41208 6707 10092 
9440 14142 -1642 63411 32116 -23225 41010 64573 16554 29866 -632 53628 51640 61040 18678 39166 35159 63911 32499 900 20629 69334 4999 55589 53757 56533 50119 60138 69277 19881 20331 6316 3770 64234 52341 54582 60920 39239 -12920 54776 61940 26939 67697 -10743 67674 56510 46943 63867 21641 32036 8202 47261 5276 -2277 54985 54740 19064 67697 60663 39820 45784 13111 22808 55919 43269 48529 18586 73563 -27430 55428 53138 43115 8467 34828 -685 41344 64152 45924 9635 92 45360 36303 64214 40131 
135587 134409 85445 56166 122311 94186 22089 48424 97005 86545 73687 16731 48427 52367 31089 24193 10190 70106 124542 137295 117880 64525 50086 47168 43236 64072 18682 54657 57664 107388 133290 112891 71453 67489 39636 4497 42671 112970 108355 23423 10427 61694 71120 80796 68745 -2815 9962 48810 108476 113075 90417 103352 140747 55074 7084 73031 46091 71120 16878 86167 90871 97762 71591 63374 52152 67660 119869 72618 92501 14163 71681 102482 93370 109147 62798 3019 47835 104955 146114 113639 27783 23262 63101 93870 
102282 100768 74484 26893 85646 89525 15916 19403 70588 58784 68438 1066 29318 25362 24076 19196 10569 38649 87289 106174 86507 32228 38957 25035 21271 35051 6881 28240 26207 77191 97633 85046 60660 36200 22123 -8312 17178 76977 95798 5238 -9102 47205 36639 72775 36280 -17388 1017 20209 79035 79266 67948 67359 109038 55453 -9253 43338 31854 36639 -3407 58826 58490 72437 51894 37293 29851 38639 88916 35953 91788 -3518 43164 68085 69725 75926 57045 -1138 21502 68962 110457 89994 10438 17173 33912 61321 
47570 38664 67820 12753 22954 87649 37140 20131 59640 46912 63706 43794 16774 15674 80412 34876 46409 -187 20985 58098 38263 -2324 99913 18875 28047 17719 37597 12924 4255 50703 32589 67714 73400 2236 22011 49200 24458 16301 68974 40490 46058 43145 -13 86523 -3732 59948 47777 19677 41795 25814 75060 10211 44582 74829 56071 11810 81722 -13 42681 21334 18478 63421 56066 9545 42591 32311 38824 -8511 87644 49710 12980 15725 74905 21970 79865 55366 12066 11226 40709 65942 54174 46377 704 28617 
12425 19143 19151 109152 45769 -10496 96159 112834 35079 55531 25621 111381 99061 107789 62739 93643 93836 105284 45480 1113 33190 113815 37468 103514 102186 97654 107452 106047 115942 35382 27096 16189 30191 106447 102870 116871 110693 58268 -3131 110093 122885 63272 109070 8874 110391 120899 106544 111960 37898 49217 26895 71834 5993 30528 115510 92585 56657 109070 119172 69517 74473 30460 52925 98132 85230 85702 30055 115860 -14365 113769 91319 67016 25900 54445 28256 102541 113505 69573 9008 9293 96393 89436 108443 65880 
66513 56767 59211 8092 40721 78620 10387 14126 64135 50063 50057 20233 2285 8241 57019 7451 13020 -144 39676 75865 51242 -2533 83156 6486 14482 15242 12776 6163 1610 60826 52288 77921 61935 1859 4918 21775 14337 31128 67589 20793 24513 30420 2718 75982 -3101 31347 19092 13168 50574 39045 75187 22518 63021 53200 31082 11601 65385 2718 22900 22637 25325 68000 49137 4044 32386 31346 51719 -3764 76347 26989 10755 26520 77468 32849 63780 22397 2953 23953 63768 71277 34981 19876 -2865 36556 
71261 68403 58583 7296 52609 74884 7491 3082 51159 38851 53041 -3243 12073 7193 22959 10183 6764 12836 53328 77001 57418 7087 38428 8210 7806 14362 52 8307 4426 53310 64092 63349 48707 11395 7650 -9345 2873 44612 74185 -1759 -11395 31640 10994 61326 9963 -13549 -1444 3804 53222 48917 53307 36002 76085 46944 -8522 19289 28553 10994 -7800 33433 31585 53092 37001 14672 17226 20302 59575 8124 76979 -5643 20123 38156 53908 46165 48032 -575 3501 37437 75572 68297 5625 10596 9863 36096 
-2671 -6033 23963 19296 -6203 26656 39651 26422 19563 19351 25981 48321 21553 21713 55119 37303 47744 7196 -8004 549 1126 9259 55972 23990 30138 17542 43300 19047 15418 11634 -7572 15877 33239 9535 27714 55827 29993 -4876 13609 44261 53777 25496 7874 33762 6591 64979 51380 25884 6758 -1327 28515 -2902 -7171 38532 58918 10625 50633 7874 49308 7633 5785 20488 28085 13064 32502 22474 259 3996 26231 52977 11459 -496 27352 -1307 38864 56785 22053 -3231 -10204 13265 48117 43260 10271 9036 
-15250 -11220 12728 57537 3982 -2051 71340 60967 9420 22060 22054 75222 60382 59114 49932 70252 76157 51485 3021 -20514 1315 56656 29449 61223 61155 49651 74989 58128 59623 5019 -7971 -5438 21668 52648 65115 82308 63362 13373 -5186 71582 80006 40217 51155 9423 53904 84740 77777 60765 7115 9698 8628 22907 -18490 31665 78679 44834 39314 51155 76293 31006 29158 7321 29198 52481 49323 41899 -476 53241 -1552 75594 45332 21449 6541 14002 25193 79654 63738 21318 -20683 -6034 63426 67305 56240 23421 
-12301 -11127 22397 45282 -2309 15094 67737 50560 15057 22657 30043 72627 50563 47951 60777 66313 75662 35534 -3858 -13701 484 39445 47434 51488 54276 39412 70798 46125 44344 7716 -10314 3391 32177 37285 56556 80889 54551 4478 5827 67811 77075 40058 34868 25056 36525 86345 76778 50358 7292 4247 19473 11492 -15877 42930 79360 33167 50831 34868 72606 23539 20179 14218 33155 40058 47484 36532 -887 33930 15845 74511 34337 12050 17134 7375 37802 81259 51231 10323 -19666 3299 64527 66810 40541 17886 
30846 38404 29676 129505 66710 -3919 106684 132851 51484 72776 33122 126106 115802 127218 71584 104504 102261 126309 66673 18358 51359 135092 47405 120507 119515 117167 120413 124468 137303 53047 47113 32090 39876 127220 118519 129748 129114 79293 6554 124986 138954 76233 131607 16963 131836 135120 118665 131977 55899 69150 41452 93363 23742 36601 130319 112350 68526 131607 135661 87434 94406 45605 66810 116469 101719 104711 48140 139405 -9552 129334 111252 87873 40205 75050 35841 112898 132766 91018 28353 24522 110782 99709 128712 85729 
126585 125575 83079 47920 113225 94424 22831 39338 88087 78131 75773 10669 44381 44877 27883 24851 12108 63204 115456 128377 110222 57455 42932 42450 36586 56414 15980 49015 49334 98302 124288 103805 69087 60503 36094 -137 35013 104556 107501 17781 2013 59160 62118 78850 61759 -11061 6672 39808 100314 104745 81583 94938 133257 56992 -1162 66129 38937 62118 8548 80693 83129 90020 66117 58572 44662 58574 112295 63532 95091 6001 64359 94152 84956 100397 62112 821 41017 96541 137112 105813 20881 22996 56955 84784 
75424 70550 71146 7091 51396 92067 16106 4809 60194 45366 65772 6464 14052 8080 41066 18042 18151 9103 51527 83684 60489 3018 59811 10777 12389 15081 8583 8774 2037 59573 64727 73476 63370 8334 11393 2462 6280 42391 86244 6940 -1352 39499 6757 78677 5390 610 9775 5447 57553 49048 66458 32773 79660 63035 4209 18328 45820 6757 1151 34488 31128 63219 47212 14131 24665 24045 62730 1703 94498 5240 19498 36355 66891 45540 64795 12828 3884 34376 77551 78424 17180 21227 6886 37655 
-13579 -10053 20447 57108 2965 8104 76875 60874 13275 24403 29941 79749 62725 59441 58491 76123 83624 49712 1752 -17499 2566 54295 39100 62810 63582 49558 79600 58119 58018 7278 -7896 -1415 29387 50959 67878 87339 64361 11936 2197 75101 83525 45164 48710 18738 51543 90443 83732 60840 9206 9521 14499 20966 -16483 41484 83794 44321 47033 48710 79560 31837 28477 11428 34061 52556 52590 42814 1027 49620 9191 80121 45491 20348 11824 13993 34172 87037 63897 19461 -19936 -499 68289 73596 55055 23496 
123286 144788 107920 201701 173514 71385 177116 182535 101336 126492 122706 146054 210594 198490 73808 186360 165049 230425 177509 102818 145815 232152 25017 198415 177347 190791 166569 204812 217815 116507 154505 80934 90820 224028 198359 134240 177706 188953 104370 148882 131518 156157 224887 66059 236372 106180 146593 184937 140611 170662 71060 202015 134662 104093 113811 205378 62434 224887 139733 188946 186594 92937 117418 215629 142583 156411 146040 241001 77092 128198 206212 192073 68049 182022 82165 135786 207398 199838 137089 96130 119306 155777 231568 162965 
95350 99716 69904 42557 90810 76041 29900 30111 60632 54540 67386 6398 50190 40858 11516 36540 23461 60529 93293 94706 85791 54024 13797 41287 32987 47439 17505 44492 45231 69587 98177 68790 51040 56316 39803 -6172 27466 86257 88614 9730 -8642 54133 56671 57443 59252 -21548 7777 31841 78235 84598 51524 80167 105382 51881 -12069 59170 15598 56671 -931 70626 68274 59793 47482 56485 32159 42291 88536 59345 80152 -2890 60340 78961 51369 85206 46165 4110 39350 81182 106297 79954 8042 25949 56800 65309 
5198 2340 19064 -1647 -3038 26377 12744 1111 12480 8404 19234 13350 2374 14 26364 12244 17729 -7027 -3915 9090 3367 -7736 31165 2375 5667 -377 11941 -972 -5021 8163 -123 14002 21452 -6116 4755 16152 3590 -4651 17950 11306 13430 11273 -7693 25923 -8388 19760 16325 1077 5471 -1018 18744 -6205 4394 24981 17647 -2842 24734 -7693 11901 214 -2138 13825 13946 -2335 9879 4219 3592 -11067 27212 14982 -2008 -3967 18169 -1838 24977 20134 -822 -5946 1949 14582 15834 15765 -5884 1029 
-17111 -12241 4483 46436 1869 -9792 56207 47598 755 12639 13221 56393 49785 47509 31103 56127 59260 43912 1412 -22795 -2226 48075 10956 49366 47618 39390 58008 47279 49278 -1630 -8992 -12591 10147 44319 52586 61127 49237 10504 -9903 53677 58825 29788 43078 -1342 46247 60703 58696 47648 1978 6241 -2137 19030 -18671 19472 56490 36757 21577 43078 56540 24693 22845 -1512 17845 43732 35534 30546 -3597 45920 -8789 55169 37255 17152 -4056 10545 12412 59481 51881 17609 -20360 -11675 44933 51332 47827 16436 
-15550 -11688 -3700 24477 -2114 -13355 29628 24043 -6756 1432 2686 27210 27154 24962 9480 29968 30749 24809 -2151 -19890 -5789 27292 -5039 26315 23895 20035 29665 25488 26983 -7209 -9279 -15314 -1312 24712 28191 29508 24842 3665 -11702 26006 27626 13205 23807 -9105 26472 27236 28841 24177 -3853 242 -10068 9167 -15682 5073 25291 19418 2978 23807 26769 11890 10546 -8267 4118 24125 15171 13039 -6572 26313 -12184 25314 19580 7541 -11147 3118 -307 28786 27990 8250 -16615 -14062 19278 25593 27128 5481 
-3204 -5390 -1098 16831 -352 -5377 13750 22613 9118 12098 -2104 27292 8840 16476 23086 10478 14619 9435 -1229 -3680 -331 12758 24023 13797 17761 14741 21011 14482 16481 6817 -3821 6608 7086 11354 12901 31858 22068 1059 -8680 26760 35940 6231 12801 3745 10426 39582 24555 21571 2109 996 11686 3537 -8712 3055 36125 9588 23808 12801 32731 3572 7268 9119 11256 8751 18949 17657 -1786 12451 -8490 32452 8406 3423 12455 176 7671 24752 16648 3124 -7125 -876 27592 15679 9906 9091 
96972 93946 57498 32167 82856 65315 3382 29129 71326 61118 44396 7432 22496 29124 22462 4142 -4737 38379 84079 100024 81113 34394 43559 23169 23857 38393 4427 28726 31817 77509 92407 84776 49050 37190 16981 -1274 24300 74187 73016 11604 6168 36015 41325 57805 36934 -1110 579 29095 75237 75888 69358 66081 98352 33091 5261 42816 37128 41325 9931 52592 58052 71747 48852 33243 34201 45341 82430 40975 61866 8896 42054 66303 71471 72296 42495 -4096 24508 67432 103215 82752 18484 6991 32634 63487 
116202 110488 67152 51565 101414 73457 13204 52055 93244 83876 52034 28510 32990 47682 43708 9932 1725 54753 102301 119254 99671 52784 69341 39711 41911 58295 20465 47452 51215 99763 110293 108374 64752 54908 29995 22492 46218 92241 82502 35034 33630 48021 59883 71995 53980 26688 16953 51013 93291 93942 92284 84135 114222 39553 32051 60198 62070 59883 35713 68294 77282 95009 68922 48777 55447 68267 99980 59533 66816 33670 57252 84021 96581 87830 56517 10094 42562 85486 121101 99126 42922 18661 48168 84397 
117001 114311 68035 50264 104733 73416 12491 46638 87491 78207 53589 18809 36897 46297 30143 12663 1264 58324 106292 118877 100638 54675 51828 38830 38594 56574 15132 46319 51090 95690 113780 101613 59335 56967 30626 9011 40465 95980 85065 24493 18553 48400 62026 66746 57383 8587 9436 46436 93502 96505 83339 87874 118213 39092 15966 61753 47161 62026 22820 70857 78081 87744 62749 51088 48686 62850 101787 62852 68791 20441 60235 87256 86208 92493 50680 2577 41597 89225 124588 97993 30365 15596 51655 83012 
73244 63666 70310 8271 44512 92575 15774 13213 69774 53602 61072 21924 6580 9092 62826 14098 19919 539 43467 83856 56797 -3194 89971 8765 16761 16093 15811 6930 865 65625 57843 84232 70850 2122 8457 22542 14348 34163 79948 21560 23348 37319 2225 87081 -3174 31190 22547 12675 56381 43172 81918 24545 71264 64803 31261 13292 70604 2225 22323 26764 27436 73639 54776 6239 35085 32449 57862 -5181 91394 27588 13454 29303 83359 37480 73535 27028 3552 26148 70667 80780 36840 25515 -1846 39003 
25664 28686 14666 9915 27088 14839 3390 3937 10686 9886 14584 -7848 13264 8972 -10290 6670 311 18647 28311 24096 23245 16258 -12461 8897 4461 11101 -2201 10674 12001 15189 28743 12628 6134 16618 8421 -13530 2468 26231 21616 -6448 -14488 11411 16973 7161 18546 -21178 -7141 4743 19973 24404 5190 24677 30152 7563 -16991 16532 -9484 16973 -10977 19840 19000 9763 6272 15947 2037 7045 24310 19059 16850 -12516 17030 23555 4951 25348 3779 -9128 8892 24936 30815 17744 -8892 531 17186 16455 
35208 37726 27234 9295 32600 31607 8314 2393 18214 15062 27824 -7040 16256 9024 -3098 12014 6075 18867 33823 35152 31109 15218 -3757 10881 5941 11909 203 11482 10373 22213 36523 21920 17274 16586 11077 -12974 2016 30651 37040 -5640 -16368 18855 15681 20905 18010 -22302 -4737 3451 27417 30084 13978 27585 41292 20383 -17611 18264 -2964 15681 -12353 24932 22076 18131 13632 18183 4861 8525 32678 16759 34878 -12884 19098 27219 13655 30608 15759 -5800 8608 28096 40611 29220 -6908 5875 17574 19951 
153 -2705 37539 38752 -439 38300 66583 47054 30031 32087 42329 75673 43361 42093 79111 63815 76860 24300 -2660 2953 7898 27371 75512 45966 52450 35402 70652 39259 34622 20002 -4076 22901 49503 27059 51202 85615 52053 2988 22817 70353 81801 44280 24306 47926 23947 95607 80160 46516 15378 6453 40159 6978 -4935 58240 87614 26973 71349 24306 76156 21545 18185 30872 44433 31848 52546 39074 6695 20176 38379 80413 28143 9552 38324 7397 56808 86825 43525 6313 -9396 20793 72949 69688 28971 20428 
29541 44491 46767 141052 74477 12752 139315 134738 42115 67523 62645 128749 147089 140697 65911 142847 137244 149784 75616 13693 57110 155879 21488 142050 131398 127622 138344 142735 151538 45862 52864 17177 46887 147671 145354 129367 134193 91512 27257 126789 126645 98868 147102 21874 155311 117939 130716 135712 60054 78345 25531 107598 31845 62176 115994 130281 50589 147102 127216 107885 105533 35564 68949 142548 102094 102566 55403 157588 15603 120385 131115 100932 22016 88361 45372 126545 149689 104917 31416 23805 103681 124528 154791 87952 
-6628 -3438 -1498 10383 592 -6449 12510 8269 -5730 -2078 1360 7572 13900 10532 -2430 14362 13127 12731 891 -9120 -2243 13030 -10565 11213 9129 8125 10531 10722 12049 -5175 -2541 -10088 -3478 11962 12753 6678 8396 3347 -4460 6536 5300 5831 11729 -6903 13386 3734 9203 8739 -1651 1268 -8706 5825 -5248 1563 3805 9356 -5740 11729 5955 6364 5020 -7241 -1240 11711 3597 3313 -2186 13395 -5110 5172 10190 4871 -9953 3640 -3313 9148 12048 5412 -5845 -6820 2664 9651 13706 1803 
27135 32509 6561 30370 38471 -2926 10321 23972 11821 16565 6143 4039 27839 27999 -14195 13013 3294 40950 40114 21535 28664 40577 -21658 25068 19120 28952 8510 29617 35480 18928 35422 10151 -879 38753 22408 -2399 20319 40302 10319 6615 423 15066 40956 -6068 42529 -10215 1050 24526 24972 34947 1537 41772 30363 -3566 -5776 34551 -12045 40956 4018 31979 34163 9302 8415 33882 12160 21032 28973 46066 -2931 -293 34209 38550 1634 36983 -6174 -4297 29095 41527 33462 12747 -197 5110 39069 28930 
67904 57486 87482 19143 37828 111931 45630 26689 77874 62038 82276 51528 23920 22316 96126 43198 55319 5867 35775 80364 55489 2722 120079 26105 35949 25873 45163 19734 9385 68517 50235 88888 92474 8374 29157 56766 31436 29243 91576 48476 52952 56255 5705 108789 1566 67766 55931 26235 58517 40352 95142 21137 65336 93147 64309 20132 98528 5705 49743 32932 29572 82579 71780 16943 53601 42901 56386 -4053 112178 57696 21302 27491 95323 35416 99359 64192 17784 22488 61043 87284 64596 56295 6338 41391 
61823 72909 46709 166614 106759 5974 130773 165760 72885 98881 52003 145995 150811 162899 77865 128929 120218 171146 107814 44967 84940 180349 46546 155432 149064 153436 143746 162669 178276 79572 84222 51979 53885 170797 150756 146781 160091 121442 26779 147899 156827 101918 175604 26016 178101 145433 135950 165054 86456 107183 55461 137024 57071 47502 143404 152399 75311 175604 155634 125467 133447 66250 88379 157274 125892 134596 81637 187266 425 145863 150125 129014 55138 113755 46070 125731 169791 134427 63446 45083 127647 119682 172625 120150 
76995 65737 73725 12862 47591 97250 21793 19568 75709 60377 66671 29875 8819 13767 73465 17513 25014 3954 46294 87775 61136 1397 100526 14280 21940 21440 23090 13033 5288 71476 60586 91091 78213 6377 12796 33433 21207 37410 84203 31191 33651 41910 5472 93940 577 42081 29826 18442 60132 46587 88777 27792 73923 69898 41396 17463 80403 5472 31534 30935 32111 81338 62223 10830 41776 38804 61613 -2102 95901 36379 15945 32466 91898 38963 81318 33971 8395 29395 73410 83943 46303 32038 1653 43846 
13007 11997 17129 -4422 6031 23938 3249 -5444 9957 5629 16879 -2193 439 -3601 8469 4429 5294 -3922 5994 15639 9496 -5975 12262 -1660 -1392 -2312 -410 -3327 -6200 9000 9870 12991 14393 -4271 -288 -3087 -4225 3830 20887 -2809 -5809 7826 -5428 19116 -5199 -4351 362 -5058 9164 6035 12273 1268 14891 17250 -3608 -1249 8099 -5428 -5070 3739 1387 10798 8063 -1414 1392 -320 10309 -7206 25613 -3333 -415 2582 11866 5551 15818 2239 -4521 1695 13286 16091 -45 4422 -3955 2874 
-6156 -7502 29550 45883 -784 25271 69682 53933 24814 30314 35432 79780 48728 48720 74566 66830 78783 32271 -2837 -5624 4613 36518 66431 51669 57145 40853 74927 45970 43349 15793 -7361 14996 42186 34946 56485 89806 58176 4575 12392 74712 87084 43347 32781 37081 32842 99210 83343 53311 12177 6108 32506 10581 -11748 50755 91049 32424 66048 32781 81355 23552 21200 24815 41232 37971 54133 41921 2990 30247 24930 84268 33258 12063 30671 7892 48651 88832 51076 9580 -15369 12048 74536 71191 37110 21595 
4436 10482 11330 90495 33832 -14957 79350 93841 24990 42838 16540 92976 81832 89300 49878 77590 77951 86627 33543 -5448 22681 94066 27799 85193 84537 80089 89299 87222 96361 24957 17343 8032 20690 87622 85053 97542 91868 44819 -9104 91268 103136 49991 90245 2061 91062 101738 88979 93135 27221 36944 17982 56873 -1408 21699 96853 75440 44552 90245 99843 54808 59260 20539 40484 80147 69513 69733 19966 96111 -18406 95280 74678 52727 16735 41920 19175 85816 94260 54864 1271 2312 79500 73551 89450 51927 
109055 109389 79241 35766 95443 92182 22689 26092 73833 63205 73867 4143 39703 33983 22533 27229 16334 50546 97506 111603 94204 43705 34306 33740 28128 43420 12058 37365 36256 81864 106674 87283 62813 47341 30912 -6999 23447 87530 101311 8483 -8209 54062 47864 73752 48429 -18847 4346 27234 86060 88559 68673 78416 117323 58866 -9620 53471 29807 47864 -1422 68623 67783 74926 55475 48014 34188 44320 96865 48354 95117 -2289 53633 78470 70030 86227 58358 1351 30627 79935 118826 94415 11667 22266 45725 68850 
46172 37098 68774 15639 22060 88099 41370 23773 60762 48538 64996 49284 19492 18728 85314 38770 51227 1523 19923 56700 37705 -194 104311 22013 31689 20185 42499 15726 6973 51153 31107 68080 75530 4198 25401 55530 28352 15827 68500 45644 52388 45359 1865 88149 -1938 67202 53351 23235 41825 25424 76770 10241 42596 77295 62653 13520 86120 1865 48507 22204 19348 64543 58364 11591 46065 34945 38098 -6801 87926 55704 14690 15839 76531 21664 82415 61276 15288 11172 38555 65804 59328 50775 2750 29571 
4389 15475 29679 105316 40001 2636 112231 102866 23767 44555 43457 106957 111521 106053 57727 114335 113856 107664 40216 -7343 28682 113423 21452 108162 101878 93482 112856 106579 112358 23566 21664 1601 33327 106811 112474 110347 103917 54600 9329 103569 107205 73212 105654 12934 111931 104631 109848 103504 33474 45213 13735 68670 4593 48196 100586 92949 43329 105654 105928 73325 70469 18644 49425 104124 78538 74726 26975 112696 4815 101869 94119 64188 10220 53633 34332 108617 113617 66325 2904 6381 86089 101476 113091 57256 
24635 35049 12041 66678 51175 -8450 48393 58180 14277 27757 17923 37407 67087 64391 -1491 52261 41198 80114 53154 13743 35908 81841 -24830 62468 52740 60724 45658 66933 75232 22392 40734 3955 4853 77245 61320 31641 54695 58970 9079 39227 32783 38270 78860 -8736 83541 19541 35762 59070 33308 49247 -1383 65984 28787 8466 23140 67163 -5473 78860 36462 57115 58039 9742 20867 71114 35700 44152 35629 87414 -7027 29967 67073 60578 -2462 54643 -442 29407 68679 64815 31382 8987 24435 38058 80165 46674 
120537 114991 69723 55480 106169 75524 15439 55718 96655 87455 54353 30913 36401 51429 45271 12167 3372 59172 107140 123337 103922 57203 70904 43206 45154 62210 22868 51283 55382 103594 114964 111869 67071 59243 33154 24559 49629 96996 85409 37689 36033 50928 64386 74062 58483 28503 18936 54676 97290 98445 95191 88890 118641 41200 34118 64365 64053 64386 38284 72377 81617 98336 71913 52776 58522 71930 104231 64288 68715 35989 61335 88608 99572 92333 58416 11657 46309 90241 125772 102537 45325 20728 52419 88564 
67904 57486 87482 19143 37828 111931 45630 26689 77874 62038 82276 51528 23920 22316 96126 43198 55319 5867 35775 80364 55489 2722 120079 26105 35949 25873 45163 19734 9385 68517 50235 88888 92474 8374 29157 56766 31436 29243 91576 48476 52952 56255 5705 108789 1566 67766 55931 26235 58517 40352 95142 21137 65336 93147 64309 20132 98528 5705 49743 32932 29572 82579 71780 16943 53601 42901 56386 -4053 112178 57696 21302 27491 95323 35416 99359 64192 17784 22488 61043 87284 64596 56295 6338 41391 
9654 16372 41664 125785 43670 14453 135724 131063 44740 66788 55190 145318 124346 126858 99448 133040 139617 118053 42541 -650 35795 127256 66869 127623 126547 113027 143909 125704 130895 40507 23317 21650 56232 119888 131263 155680 132786 58773 14258 141510 155310 88977 119067 34495 122824 159204 146193 130357 43443 51066 40420 74355 3558 66901 150623 105858 85134 119067 149749 81950 82118 41129 73254 116361 107323 99899 32492 124177 13692 146530 105348 70713 38333 57218 59337 146474 134170 71758 2541 17358 126970 128581 124320 72349 
-1691 -4717 19903 7928 -7155 24696 26351 12954 13907 12099 21501 30821 11445 10093 40307 24843 33100 -980 -8536 1781 -162 -177 42420 12706 17342 7518 27732 8351 4302 7574 -6676 12405 26071 687 15926 36311 16189 -7004 13749 27685 33589 17488 -1142 28274 -1921 42607 34048 12668 3874 -3455 21599 -6542 -4343 30944 38310 2701 36745 -1142 30464 2481 129 15084 19741 4552 20294 12030 -525 -4768 25027 33881 3535 -4220 20688 -3771 30856 38781 10013 -6619 -7292 11473 31625 29540 1339 3128 
47853 59443 25011 109552 83885 -4468 78415 101726 38587 58367 32321 74065 102485 106005 20971 79427 65928 124332 86116 33013 63746 128915 -7828 102318 90406 101666 80636 109891 121046 49306 68488 25325 22107 121883 97726 69811 96645 94620 19949 78657 73977 64344 124254 1630 129691 57123 67800 101944 60138 81453 18727 104658 50241 19084 60470 107601 17913 124254 76984 91925 95873 33968 47865 112140 69754 81650 62291 135748 -5313 67381 105327 97068 19328 86429 13872 57413 111721 102985 55104 25317 59077 65980 124131 81652 
63613 54371 53707 8216 39501 70932 6647 14166 61067 47751 43545 18425 981 8029 51851 3795 8440 148 38540 72293 48762 -1989 77820 5350 13430 14778 10212 5531 2238 58178 50312 74181 56347 2067 3278 19379 13789 30244 61245 18985 23377 26848 3598 69302 -2557 29539 16192 13208 48178 37573 71279 22138 59785 46268 29358 11137 61225 3598 21848 20997 24441 64344 45649 3244 30578 30378 49155 -2380 67903 25517 10375 25804 73392 31797 57352 18741 2825 23489 61120 67285 32669 15884 -2741 35420 
66952 56198 83842 17855 37044 107787 41654 25905 76754 61086 77964 49400 20700 20692 93578 38802 50755 4243 34991 79244 54201 1434 118371 23641 33821 24585 42195 17942 8265 67733 49283 88104 89422 6918 26105 54722 30148 28291 87852 46684 52000 52951 4753 105485 110 66478 52963 25283 57061 39232 93854 20185 63712 88583 63021 18508 96820 4753 48623 30804 28452 81459 69652 14647 51977 42117 54930 -4837 107446 56240 19342 26371 94371 33960 95887 60804 15992 21536 60091 85156 62972 52571 4378 40607 
-7823 239 17467 80336 20565 -4704 88427 80574 13739 30663 28053 88361 84357 81241 49043 89523 91564 78652 20276 -16699 12606 84075 20664 82510 79586 70014 90900 80423 85194 11690 5084 -5235 22963 78639 86654 92759 81793 32644 -2379 84469 90961 53608 77986 6266 82079 91579 90748 80876 18070 25777 7739 44698 -9467 35312 86694 67465 37165 77986 88676 50025 48177 9456 35701 76456 61454 56466 10899 82844 -3701 86129 68635 41560 4560 32685 24808 90861 87293 42689 -10988 -2807 71525 80864 83575 38660 
-2811 -965 -7005 32008 9701 -19684 19519 34598 5395 12911 -7591 30793 23513 30645 11215 18095 17532 29316 9580 -7235 3674 33059 4928 26454 27478 27482 26612 28819 34766 6034 2536 -979 -2097 30059 24970 32335 32373 13716 -16183 30513 37929 9648 32766 -10394 31483 36699 26712 33976 5442 10125 2167 18714 -6975 -5792 34670 24681 11853 32766 36232 14717 19169 3128 8793 24684 22450 24602 2219 35524 -22965 33685 23919 16668 2096 11741 -4032 24305 32161 17881 -4128 -6195 26389 17920 29619 17212 
89982 80404 62604 20389 65786 79493 6052 24659 77440 64208 51518 18250 8114 18858 51256 1520 1797 17025 65497 97570 72611 14804 79409 15171 20395 28883 10457 18712 16007 78583 77605 94166 64488 18608 9151 17692 22602 55353 76778 22758 23370 34989 20475 77023 14824 24408 12321 23365 68499 61338 84292 45735 87078 46681 26747 27510 64242 20475 23101 39302 44762 81893 57486 17937 38803 43895 72920 16093 75456 24586 24732 48225 88673 53462 62133 11090 13234 47338 90429 84582 35182 14617 12288 54985 
69624 67774 58290 8935 52904 73751 10642 3545 48598 37382 54512 -3200 15560 9000 20734 13670 9579 16155 53791 74608 57125 10322 33179 11025 9109 15749 1859 10954 6653 51253 63715 59864 47658 14378 10717 -9470 3672 45747 74312 -1464 -12864 33279 13305 59353 13450 -15942 -729 4435 52593 49380 49570 37641 75540 47407 -10579 21600 24900 13305 -8849 35660 32804 50531 36288 18159 16765 19757 59366 11023 76686 -7028 22434 39459 50087 47048 46983 -112 5896 38992 74523 66156 4324 12571 13518 35887 
-4503 2047 1299 28888 11201 -9532 29839 24086 -5033 3239 7769 19777 34589 28869 -1901 32699 28944 35268 12004 -10271 4586 36155 -19108 30390 24778 24698 26180 30403 32990 -2630 4540 -13339 -2277 33659 32182 18043 24045 16980 -2923 19161 15321 17616 32922 -10154 36931 10479 21912 24892 4674 12045 -12377 21978 -1359 5620 11222 27861 -8151 32922 16900 21929 19577 -7552 3993 32736 13282 14090 4559 37024 -7017 14437 28695 19512 -14044 16181 -2952 20429 32149 21145 -2124 -7719 10165 23452 36915 12244 
