957 2009 113 222 340 
201 1925 -223 -30 172 
-1731 -595 -391 -198 760 
957 -1351 113 138 424 
1209 1673 29 138 760 
453 1673 -307 -198 676 
1125 -1099 29 138 676 
-723 1589 -391 -198 760 
-219 -1351 -559 -114 844 
-219 -1603 113 54 -668 
1377 245 113 222 760 
-555 2345 -307 -282 508 
201 -1603 -223 -114 256 
285 -847 113 222 -332 
-387 1253 113 138 -920 
1461 329 197 222 760 
-1815 2681 -475 -114 676 
-1647 -1435 -139 -450 592 
1209 -1519 197 54 676 
-1647 1925 -307 -366 844 
621 -1603 197 138 4 
33 1589 197 222 -668 
-639 1253 -223 -366 676 
201 -1435 -139 -366 424 
453 -1351 -55 -30 256 
-891 161 -139 -198 -248 
453 -1351 29 138 4 
1041 917 197 222 340 
-891 2261 113 222 -1508 
-1059 77 -391 -198 676 
285 -1435 -55 -114 172 
1041 -259 29 54 676 
-1731 1253 -223 -450 844 
-975 -1603 -307 -114 -164 
-975 -1603 29 -198 -1004 
-975 -1435 -55 -618 844 
285 -1603 197 222 -416 
-807 1505 -391 -114 340 
-1143 -1435 -55 -282 -248 
-387 -1351 -139 -282 -80 
1209 -1519 113 222 592 
537 2177 29 -114 340 
537 245 -223 -282 760 
537 -1015 113 -30 172 
1293 749 113 138 760 
-51 2009 197 54 -584 
705 665 29 -198 592 
1125 161 29 54 760 
-891 1337 -391 -198 508 
-1731 -1603 -223 -114 -500 
-723 -1603 29 -114 -920 
1293 -1015 113 222 676 
-387 2261 -391 -198 676 
369 -1435 -307 -282 676 
-135 -1435 29 138 -584 
1125 329 29 138 676 
705 1589 113 54 256 
1125 1169 197 222 424 
-807 2345 -643 -30 844 
-1395 -1603 113 -366 -836 
285 -1603 197 222 -416 
957 1505 197 222 256 
-1731 2177 113 138 -2264 
-975 -1015 29 222 -1508 
705 -259 113 138 172 
453 1421 113 54 4 
201 917 113 -30 -164 
117 413 -307 -282 760 
-1311 -1351 -475 54 88 
-1647 -1351 -307 -282 760 
-1731 -1351 -475 -30 172 
537 -1603 -223 -30 508 
-471 -259 -55 54 -752 
-303 -511 197 138 -920 
1461 665 197 222 760 
-303 2681 113 138 -836 
33 413 -55 138 -332 
-1059 245 -223 -30 -584 
1377 -1351 197 222 676 
-1563 2597 -391 -198 508 
621 -1603 113 -450 676 
285 -427 113 138 -248 
1293 1001 113 138 760 
-303 2009 -475 -114 592 
-891 -1519 29 -30 -1172 
1377 -931 113 222 760 
201 2345 113 222 -416 
-1059 1169 -139 -30 -920 
-1731 -1351 -307 -282 760 
1377 -1351 197 222 676 
621 2597 29 -198 508 
957 77 113 138 424 
-1647 1673 113 -366 -584 
201 -1351 -391 -198 760 
1293 -1351 113 138 760 
369 2009 -55 222 -80 
-387 833 -475 -114 508 
-471 -1603 -55 -534 760 
-135 -1351 197 138 -752 
-135 833 113 138 -668 
