     5     10      0      3      2 
    28     14      3      8      5 
    34      2      4      7      5 
    32     49      6      5      5 
    15     49      0      0     15 
    31     19      7      5      1 
    30     50      3      4     21 
    18     49      4      8      1 
    40     29      4      2     25 
    32     49      4      8      1 
    39     49      4      7      5 
     6     49      3      2      1 
     1     21      0      0      1 
    10      1      0      2      8 
     8     16      2      1      5 
     6     52      3      0      3 
    40     15      1      3     33 
    17     49      6      4      7 
    20     47      3      5     12 
    30     51      5      4     13 
    13     49      5      1      7 
     9     52      1      1      7 
    17      6      0      0     17 
    31     17      5      4     13 
    21     50      5      6      5 
    34     52      5      1     25 
     2     27      1      0      1 
    24      5      6      6      1 
    27     49      5      1     21 
    30     52      1      0     29 
    34      8      4      5     13 
     5     51      3      1      1 
    37     51      1      2     34 
    35     50      3      5     17 
    15     49      0      1     14 
    24     11      0      3     21 
     2     33      1      0      1 
     6      5      2      3      1 
    39     21      4      7      5 
    35     24      2      3     29 
     5     49      0      1      4 
    10     34      5      3      2 
     7     34      2      0      5 
    19     13      2      0     17 
    23     25      5      3     15 
    11     47      6      3      2 
     2     52      0      0      2 
    36      2      5      7      1 
    31     49      1      3     27 
    10     43      2      5      3 
    23     10      1      0     22 
     5     26      0      4      1 
    36     17      5      4     13 
    40     49      2      6     17 
    14     52      3      3      8 
     3      5      0      1      2 
    18      6      1      7     10 
     8     51      4      3      1 
